{
  "N": 8,
  "Distance": [
    [0, 41, 67, 25, 42, 11, 55, 29],
    [41, 0, 32, 61, 18, 44, 26, 39],
    [67, 32, 0, 58, 31, 74, 13, 48],
    [25, 61, 58, 0, 69, 33, 47, 22],
    [42, 18, 31, 69, 0, 56, 27, 38],
    [11, 44, 74, 33, 56, 0, 62, 19],
    [55, 26, 13, 47, 27, 62, 0, 45],
    [29, 39, 48, 22, 38, 19, 45, 0]
  ]
}
