{
  "M": 2,
  "N": 9,
  "Distance": [
    [0, 45, 32, 18, 67, 25, 38, 52, 29],
    [45, 0, 21, 58, 14, 71, 36, 28, 49],
    [32, 21, 0, 44, 39, 17, 63, 55, 26],
    [18, 58, 44, 0, 73, 31, 12, 65, 48],
    [67, 14, 39, 73, 0, 84, 57, 23, 76],
    [25, 71, 17, 31, 84, 0, 49, 68, 35],
    [38, 36, 63, 12, 57, 49, 0, 81, 42],
    [52, 28, 55, 65, 23, 68, 81, 0, 59],
    [29, 49, 26, 48, 76, 35, 42, 59, 0]
  ]
}
